id,team1id,team2id,week
1,1,4,1
2,2,5,1
3,3,11,1
4,6,12,1
5,10,13,1
6,8,14,1
7,7,15,1
8,9,16,1
9,1,5,2
10,4,11,2
11,2,12,2
12,3,13,2
13,6,14,2
14,10,15,2
15,8,16,2
16,7,9,2
17,1,11,3
18,5,12,3
19,4,13,3
20,2,14,3
21,3,15,3
22,6,16,3
23,10,9,3
24,8,7,3
25,1,12,4
26,11,13,4
27,5,14,4
28,4,15,4
29,2,16,4
30,3,9,4
31,6,7,4
32,10,8,4
33,1,13,5
34,12,14,5
35,11,15,5
36,5,16,5
37,4,9,5
38,2,7,5
39,3,8,5
40,6,10,5
41,1,14,6
42,13,15,6
43,12,16,6
44,11,9,6
45,5,7,6
46,4,8,6
47,2,10,6
48,3,6,6
49,1,15,7
50,14,16,7
51,13,9,7
52,12,7,7
53,11,8,7
54,5,10,7
55,4,6,7
56,2,3,7
57,1,16,8
58,15,9,8
59,14,7,8
60,13,8,8
61,12,10,8
62,11,6,8
63,5,3,8
64,4,2,8
65,1,9,9
66,16,7,9
67,15,8,9
68,14,10,9
69,13,6,9
70,12,3,9
71,11,2,9
72,5,4,9
73,1,7,10
74,9,8,10
75,16,10,10
76,15,6,10
77,14,3,10
78,13,2,10
79,12,4,10
80,11,5,10
81,1,8,11
82,7,10,11
83,9,6,11
84,16,3,11
85,15,2,11
86,14,4,11
87,13,5,11
88,12,11,11
89,1,10,12
90,8,6,12
91,7,3,12
92,9,2,12
93,16,4,12
94,15,5,12
95,14,11,12
96,13,12,12
97,1,6,13
98,10,3,13
99,8,2,13
100,7,4,13
101,9,5,13
102,16,11,13
103,15,12,13
104,14,13,13
105,1,3,14
106,6,2,14
107,10,4,14
108,8,5,14
109,7,11,14
110,9,12,14
111,16,13,14
112,15,14,14
113,1,2,15
114,3,4,15
115,6,5,15
116,10,11,15
117,8,12,15
118,7,13,15
119,9,14,15
120,16,15,15
121,4,1,16
122,5,2,16
123,11,3,16
124,12,6,16
125,13,10,16
126,14,8,16
127,15,7,16
128,16,9,16
129,5,1,17
130,11,4,17
131,12,2,17
132,13,3,17
133,14,6,17
134,15,10,17
135,16,8,17
136,9,7,17
137,11,1,18
138,12,5,18
139,13,4,18
140,14,2,18
141,15,3,18
142,16,6,18
143,9,10,18
144,7,8,18
145,12,1,19
146,13,11,19
147,14,5,19
148,15,4,19
149,16,2,19
150,9,3,19
151,7,6,19
152,8,10,19
153,13,1,20
154,14,12,20
155,15,11,20
156,16,5,20
157,9,4,20
158,7,2,20
159,8,3,20
160,10,6,20
161,14,1,21
162,15,13,21
163,16,12,21
164,9,11,21
165,7,5,21
166,8,4,21
167,10,2,21
168,6,3,21
169,15,1,22
170,16,14,22
171,9,13,22
172,7,12,22
173,8,11,22
174,10,5,22
175,6,4,22
176,3,2,22
177,16,1,23
178,9,15,23
179,7,14,23
180,8,13,23
181,10,12,23
182,6,11,23
183,3,5,23
184,2,4,23
185,9,1,24
186,7,16,24
187,8,15,24
188,10,14,24
189,6,13,24
190,3,12,24
191,2,11,24
192,4,5,24
193,7,1,25
194,8,9,25
195,10,16,25
196,6,15,25
197,3,14,25
198,2,13,25
199,4,12,25
200,5,11,25
201,8,1,26
202,10,7,26
203,6,9,26
204,3,16,26
205,2,15,26
206,4,14,26
207,5,13,26
208,11,12,26
209,10,1,27
210,6,8,27
211,3,7,27
212,2,9,27
213,4,16,27
214,5,15,27
215,11,14,27
216,12,13,27
217,6,1,28
218,3,10,28
219,2,8,28
220,4,7,28
221,5,9,28
222,11,16,28
223,12,15,28
224,13,14,28
225,3,1,29
226,2,6,29
227,4,10,29
228,5,8,29
229,11,7,29
230,12,9,29
231,13,16,29
232,14,15,29
233,2,1,30
234,4,3,30
235,5,6,30
236,11,10,30
237,12,8,30
238,13,7,30
239,14,9,30
240,15,16,30
