id,teamid,shomare,name,sen,goal,position,skill,amadegi,khastegi,rouhiye,khoshunat
1,1,1,A. Beiranvand,24,0,1,79,94,11,99,16
2,1,44,B. Radosevic,27,0,1,61,69,8,55,7
3,1,4,J. Hosseini,34,0,1,48,72,8,54,10
4,1,6,A. Golec,26,0,1,92,98,26,76,27
5,1,13,H. Mahini,30,0,1,99,45,27,40,48
6,1,15,M. Ansari,25,0,1,53,59,9,57,34
7,1,18,M. Rabikhah,29,0,1,56,95,9,97,6
8,1,23,M. Aramtab,31,0,1,72,52,40,55,27
9,1,27,R. Rezaeian,26,0,1,41,55,33,76,39
10,1,2,O. Alishah,24,0,1,72,43,22,55,11
11,1,8,A. Nourollahi,23,0,1,41,78,18,69,9
12,1,10,F. Ahmadzadeh,24,0,1,89,47,20,73,29
13,1,11,K. Kamyabinia,27,0,1,84,55,6,48,43
14,1,17,S. Moharrami,20,0,1,47,55,28,99,4
15,1,19,V. Amiri,28,0,1,83,44,33,83,42
16,1,22,O. Polyansky,30,0,1,73,86,29,77,36
17,1,29,M. Rahmati,25,0,1,74,51,40,80,44
18,1,77,M. Mosalman,25,0,1,45,48,38,54,36
19,1,80,V. Priyomov,30,0,1,91,47,22,100,12
20,1,9,M. Taremi,24,0,1,53,70,15,73,2
21,1,37,E. Alvanzadeh,21,0,1,83,78,39,72,3
22,1,70,A. Alipour,21,0,1,57,41,40,77,39
24,2,1,M. Akhbari,23,0,1,84,52,30,58,10
25,2,21,F. Garousian,24,0,1,64,68,7,49,39
26,2,2,M. Iranpourian,31,0,1,81,79,39,61,44
27,2,4,K. Shafiei,29,0,1,90,54,29,40,35
28,2,5,H. Mohammadi,25,0,1,69,92,18,88,33
29,2,8,M. Bengar,37,0,1,41,83,9,68,1
30,2,16,M. Mehdizadeh,22,0,1,96,95,33,91,19
31,2,3,A. Aghasi,19,0,1,40,94,1,71,37
32,2,12,A. Faraji,21,0,1,41,57,10,43,25
33,2,6,M. Kiani,29,0,1,84,68,30,43,3
34,2,7,S. Aghaei,21,0,1,50,100,39,81,50
35,2,13,Karrar Jassim,29,0,1,50,92,1,40,18
36,2,14,Mohammad Nouri,33,0,1,69,72,15,91,1
37,2,17,S. Rafiei,26,0,1,92,45,28,72,13
38,2,66,S. Ashouri,28,0,1,42,83,34,47,20
39,2,10,M. Ebrahimi,32,0,1,45,75,2,84,30
40,2,11,Edinho,34,0,1,54,46,27,47,30
41,2,20,M. Sharifi,24,0,1,78,78,31,45,32
42,2,24,F. Hatami,30,0,1,85,47,29,59,8
43,2,25,A. Ramezani,23,0,1,50,63,34,72,18
44,2,77,S. Goudarzi,29,0,1,89,83,18,82,20
46,3,1,R. Ahmadi,36,0,1,91,73,35,70,38
47,3,31,H. Sedghi,23,0,1,81,66,9,96,21
48,3,21,P. Niazmand,21,0,1,42,84,28,43,22
49,3,3,Halisson,31,0,1,79,79,28,55,36
50,3,4,A. Sadeghi,35,0,1,53,92,35,54,5
51,3,5,S. Yazdani Moghadam,24,0,1,68,43,13,64,16
52,3,20,L. Hayrapetyan,27,0,1,78,83,5,66,50
53,3,40,A. Hamoudi,30,0,1,89,85,13,46,47
54,3,22,A. Abbasi,25,0,1,41,71,6,47,23
55,3,24,R. Amiri,25,0,1,59,57,14,49,14
56,3,25,A. Dashti,25,0,1,57,81,17,58,43
57,3,26,S. Ghezelgachi,33,0,1,77,74,39,42,49
58,3,27,M. Hosseinzadeh,25,0,1,66,40,11,93,24
59,3,28,M. Rostami,25,0,1,48,71,0,46,39
60,3,2,M. Shiri,25,0,1,63,40,12,89,6
61,3,6,A. Amiri,22,0,1,80,50,10,56,39
62,3,7,M. Barani,25,0,1,71,68,9,87,37
63,3,8,S. Nemati,22,0,1,48,57,24,60,1
64,3,10,B. Abdi,33,0,1,72,62,22,69,35
65,3,14,M. Rahmani,20,0,1,55,45,31,79,37
66,3,16,A. Ghasemi,27,0,1,45,69,4,48,42
67,3,23,A. Ebrahimi,34,0,1,98,55,14,65,9
68,3,29,M. Ezzati,21,0,1,78,82,9,96,37
69,3,30,E. Pourafraz,25,0,1,52,84,35,75,14
70,3,31,M. Rajabzadeh,33,0,1,54,76,6,86,22
71,3,32,M. Soleiman Fallah,30,0,1,48,94,32,51,17
72,3,33,J. Zeyghami,27,0,1,63,98,21,76,13
73,3,9,A. Borhani,33,0,1,60,85,36,76,48
74,3,11,F. Emamali,21,0,1,53,91,17,42,12
75,3,17,S. Moghanlou,25,0,1,99,92,15,98,15
76,3,19,P. Ranjbari,24,0,1,45,64,13,67,19
77,3,77,S. Ashouri Mirani,25,0,1,84,94,13,100,17
78,3,90,G. Mensha,27,0,1,47,81,14,88,34
79,3,99,M. Aghakhan,23,0,1,67,48,34,65,49
80,3,34,A. Ghorbannejad,25,0,1,88,96,17,98,43
81,3,35,R. Karmollachaeb,19,0,1,100,47,8,82,27
82,3,36,Y. Najjarian,25,0,1,82,50,16,67,43
83,3,37,M. Nazari,26,0,1,49,64,11,83,9
84,3,38,H. Nouri,25,0,1,43,78,14,92,18
85,3,39,M. Yaghoubi,25,0,1,57,93,23,81,27
87,4,12,M. Mazaheri,27,0,1,44,58,30,58,43
88,4,22,H. Erfani,28,0,1,91,56,23,71,19
89,4,40,P. Salmani,22,0,1,47,79,4,61,28
90,4,2,M. Nejadmahdi,24,0,1,65,98,17,90,8
91,4,3,V. Mohammadzadeh,27,0,1,93,63,21,69,22
92,4,18,Ali Hamam,30,0,1,99,80,34,81,18
93,4,19,M. Ghanbari,27,0,1,58,95,33,87,48
94,4,20,H. Haghverdi,23,0,1,55,96,15,73,30
95,4,26,N. Taheri,19,0,1,89,58,15,97,12
96,4,33,M. Sattari,23,0,1,64,89,3,46,1
97,4,36,K. Eghbali,20,0,1,72,49,13,51,16
98,4,6,M. Mehdipour,22,0,1,50,93,23,41,17
99,4,8,G. Hadadifar,33,0,1,47,43,22,96,32
100,4,10,E. Pahlevan,23,0,1,82,45,8,44,31
101,4,14,R. Shekari,18,0,1,67,78,35,64,33
102,4,24,M. Derakhshanfar,18,0,1,76,52,32,80,42
103,4,35,K. Momeni,21,0,1,84,51,19,41,9
104,4,7,Mohammadreza Hosseini,27,0,1,97,81,18,80,14
105,4,11,M. Tabrizi,25,0,1,57,50,18,77,4
106,4,17,M. Abbasi,20,0,1,81,71,33,73,46
107,4,23,D. Esmaeilifar,23,0,1,64,71,8,49,41
108,4,27,J. Bengtson,29,0,1,54,62,13,77,49
109,4,28,A. Khodadadi,18,0,1,81,53,0,73,2
110,4,30,M. Rajabzadeh,38,0,1,89,83,33,93,30
111,4,31,H. Jafari,21,0,1,61,76,12,86,8
112,4,70,Y. Feyzi,24,0,1,42,93,16,72,34
114,5,12,M. Farahani,28,0,1,93,97,28,54,41
115,5,30,A. Gohari,20,0,1,60,97,5,92,37
116,5,31,N. Safarzaei,21,0,1,76,42,39,85,33
117,5,2,A. Alenemeh,34,0,1,76,67,16,94,34
118,5,3,R. Aliari,22,0,1,69,84,36,55,5
119,5,5,A. Shahamati,18,0,1,82,84,15,65,30
120,5,10,A. Sadeghi,31,0,1,64,78,0,64,43
121,5,13,V. Hamdinejad,34,0,1,77,85,30,59,50
122,5,19,I. Prahić,29,0,1,67,68,4,57,47
123,5,34,M. Fakhreddini,26,0,1,82,71,20,96,43
124,5,4,M. Daneshgar,22,0,1,94,95,13,86,49
125,5,6,A. Ezzat,29,0,1,100,71,1,58,17
126,5,8,A. Rezavand,23,0,1,48,54,39,96,43
127,5,14,R. Asadi,20,0,1,62,83,1,88,37
128,5,16,T. Gholami,25,0,1,81,61,9,87,28
129,5,23,I. Mobali,34,0,1,72,72,3,80,39
130,5,70,Abbas Bouazar,24,0,1,89,85,10,74,2
131,5,32,M. Barvaeyh,21,0,1,48,75,38,59,43
132,5,9,I. Alekasir,26,0,1,69,83,5,77,36
133,5,11,M. Ghazi,31,0,1,45,68,15,67,41
134,5,24,F. Mohammadizadeh,22,0,1,57,98,34,86,26
135,5,77,A. Motahari,23,0,1,69,81,35,89,17
136,5,99,M. Baghdadi,21,0,1,57,68,20,46,33
137,5,33,A. Jabari,23,0,1,93,81,10,43,16
138,5,34,H. Khodabandelou,26,0,1,79,68,12,94,25
139,5,35,M. Yari,25,0,1,43,75,29,85,0
141,6,1,M. Tahmasebi,31,0,1,55,61,14,93,32
142,6,22,E. Moradian,22,0,1,50,47,1,79,32
143,6,31,F. Tayebipour,20,0,1,56,48,4,60,28
144,6,99,V. Talebloo,34,0,1,88,60,6,68,25
145,6,2,M.Najjarian,18,0,1,89,81,28,50,26
146,6,4,A. Vali,29,0,1,42,56,36,43,14
147,6,5,M. Aleshakhe,23,0,1,85,94,2,70,2
148,6,6,A. Karami,33,0,1,41,85,32,61,9
149,6,23,S. Saeidi,25,0,1,64,41,25,62,49
150,6,24,M. Jamaati,27,0,1,63,84,14,68,35
151,6,77,A. Naseri,24,0,1,40,91,29,42,5
152,6,8,H. Bouhamdan,27,0,1,49,96,18,88,5
153,6,11,A. Imani,24,0,1,86,89,6,71,18
154,6,15,M. Chago,33,0,1,100,85,34,83,29
155,6,17,M. Pakparvar,22,0,1,46,57,35,74,20
156,6,18,S. Moridi,20,0,1,95,88,38,50,13
157,6,20,A. Abdollahzadeh,24,0,1,80,50,39,98,6
158,6,21,B. Farrokhi,24,0,1,96,75,4,72,31
159,6,29,A. Rabbani,23,0,1,88,77,29,45,37
160,6,30,S. Hardani,25,0,1,42,90,35,80,47
161,6,32,H. Habibinejad,21,0,1,65,65,24,41,38
162,6,40,Y. Vekia,23,0,1,57,71,2,63,41
163,6,70,M. Badragheh,20,0,1,56,42,9,70,7
164,6,88,M. Motlaghzadeh,22,0,1,94,61,19,67,29
165,6,40,H. Ebrahimi,26,0,1,66,89,14,79,27
166,6,3,S. Ansari,25,0,1,92,87,5,51,16
167,6,10,E. Sharifat,28,0,1,99,64,20,77,7
168,6,26,B. Jahantigh,21,0,1,54,93,3,43,26
170,7,1,M. Rahmati,33,0,1,84,91,26,47,3
171,7,22,H. Hosseini,24,0,1,48,59,19,59,50
172,7,3,Robson,22,0,1,42,90,17,80,11
173,7,4,R. Cheshmi,23,0,1,44,69,18,62,15
174,7,5,M. Kanani,22,0,1,66,97,12,100,18
175,7,15,H. Mkoyan,30,0,1,51,98,31,64,28
176,7,18,M. Zakipour,21,0,1,76,58,18,42,44
177,7,20,M. Majidi,30,0,1,76,54,30,49,3
178,7,21,V. Ghafouri,29,0,1,44,53,35,73,30
179,7,33,M. Hosseini,20,0,1,45,97,28,41,18
180,7,55,M. Haj Mohammadi,25,0,1,97,89,10,47,45
181,7,90,Padovani,33,0,1,89,96,26,94,48
182,7,2,K. Heydari,33,0,1,85,85,6,83,32
183,7,6,O. Ebrahimi,29,0,1,50,56,34,80,19
184,7,7,B. Rahmani,25,0,1,86,60,18,86,21
185,7,14,F. Bagheri,24,0,1,59,83,38,54,22
186,7,24,O. Noorafkan,19,0,1,50,91,1,47,37
187,7,28,M. Karimi,22,0,1,80,81,14,56,6
188,7,88,F. Esmaeili,22,0,1,72,88,24,71,27
189,7,8,Y. Karimi,25,0,1,66,59,2,95,33
190,7,9,K. Rezaei,24,0,1,77,91,34,43,43
191,7,11,J. Ansari,29,0,1,74,67,0,63,16
192,7,16,A. Afshin,27,0,1,95,68,12,84,22
193,7,17,Ali Ghorbani,26,0,1,88,91,0,93,48
194,7,74,M. Haghdoust,20,0,1,78,85,39,51,9
195,7,77,B. Barzay,23,0,1,100,55,3,92,10
197,8,1,Lee,28,0,1,46,65,14,57,3
198,8,27,M. Amini,20,0,1,66,89,11,47,23
199,8,2,A. Helichi,21,0,1,68,96,3,61,5
200,8,3,S. Khalilzadeh,27,0,1,69,89,33,57,1
201,8,26,M. Ahmadi,33,0,1,41,80,15,63,42
202,8,33,A. Sohrabian,21,0,1,64,71,2,79,42
203,8,39,M. Roshandel,21,0,1,97,72,20,79,46
204,8,55,A. Gholami,19,0,1,100,61,17,73,45
205,8,4,M. Navidkia,34,0,1,58,78,17,98,26
206,8,5,M. Coulibaly,23,0,1,54,69,28,45,0
207,8,6,M. Sarlak,21,0,1,46,74,19,85,5
208,8,8,R. Navidkia,33,0,1,43,71,9,42,15
209,8,10,T. Rikani,26,0,1,45,97,19,43,11
210,8,19,S. Didehvar,21,0,1,97,49,36,96,22
211,8,23,Mehrdad Mohammadi,23,0,1,61,92,4,60,25
212,8,28,E. Hajsafi,26,0,1,94,98,27,60,32
213,8,37,H. Fazeli,23,0,1,97,71,15,79,41
214,8,40,N. Ghalavand,20,0,1,43,74,30,65,32
215,8,70,H. Bahiraei,21,0,1,76,44,32,95,29
216,8,7,H. Papi,31,0,1,91,65,33,49,21
217,8,9,Farid Karimi,27,0,1,94,52,5,47,42
218,8,11,E. Mirjavan,28,0,1,78,92,40,90,31
219,8,17,J. Alimohammadi,26,0,1,63,74,0,47,43
220,8,21,M. Ghaed Rahmati,25,0,1,72,78,16,43,18
221,8,77,R. Mirzaei,20,0,1,55,97,26,64,0
222,8,99,Pedro Henrique,24,0,1,80,96,12,47,19
224,9,1,G. Davoudi,23,0,1,89,73,27,67,6
225,9,12,Rafael Roballo,26,0,1,96,76,2,86,50
226,9,33,A. Ahaki,23,0,1,81,57,26,55,15
227,9,40,H. Pourhamidi,25,0,1,92,86,14,65,46
228,9,45,V. Sheikhveysi,29,0,1,49,96,29,68,11
229,9,2,M. Tayebi,30,0,1,54,88,21,99,12
230,9,3,P. Shirzadi,28,0,1,43,58,30,70,16
231,9,4,D. Mahini,23,0,1,62,63,19,65,20
232,9,5,Aghil Kaebi,26,0,1,72,82,18,50,37
233,9,6,M. Douraghi,26,0,1,80,51,2,89,37
234,9,8,E. Pourghaz,29,0,1,82,44,31,40,26
235,9,14,H. Bazyari,25,0,1,90,80,8,70,17
236,9,20,J. Abdi,23,0,1,63,79,20,89,39
237,9,28,B. Hashemi,22,0,1,83,80,30,42,10
238,9,7,H. Beytsaeid,26,0,1,77,72,29,99,4
239,9,11,M. Zobeydi,25,0,1,89,61,12,75,12
240,9,18,Deyvid Sacconi,29,0,1,60,96,2,70,3
241,9,19,M. Sharifi,25,0,1,83,84,31,96,26
242,9,22,H. Bahrami,25,0,1,91,85,29,41,36
243,9,26,A. Daghagheleh,21,0,1,50,72,37,58,33
244,9,29,I. Obeydipour,19,0,1,68,73,10,54,34
245,9,30,A. Alaei,25,0,1,63,89,29,72,30
246,9,31,M. Janadeleh,21,0,1,50,87,10,93,47
247,9,32,M. Ghanbarizadeh,21,0,1,81,64,16,82,13
248,9,9,F. Janfaza,23,0,1,43,99,2,62,49
249,9,10,R. Zahivi,29,0,1,68,41,0,61,32
250,9,17,S. Bahrani,27,0,1,59,62,19,62,5
251,9,23,F. Salarvand,28,0,1,92,41,8,40,18
252,9,24,A. Aashouri,28,0,1,42,91,9,74,30
253,9,70,M. Momeni,31,0,1,45,69,11,80,2
254,9,60,H. Hashemizadeh,19,0,1,56,55,10,51,47
256,10,1,Fernando,32,0,1,45,97,27,90,24
257,10,12,K. Maleki,25,0,1,51,87,7,45,0
258,10,6,M. Farziat,25,0,1,65,56,26,48,10
259,10,8,M. Asadi,37,0,1,76,45,26,64,23
260,10,14,M. Hosseini,31,0,1,67,97,33,50,29
261,10,23,A. Taghizadeh,22,0,1,55,61,17,63,50
262,10,40,B. Hatami,30,0,1,74,84,11,77,6
263,10,77,M. Ekrami,33,0,1,83,81,7,64,9
264,10,60,M. Tarshiz,38,0,1,83,97,30,89,45
265,10,2,M. Hamidi,31,0,1,99,62,29,85,44
266,10,5,Magno,31,0,1,47,41,14,80,35
267,10,11,M. Darvishi Ebrahimi,23,0,1,93,88,19,49,27
268,10,16,A. Naghizadeh,23,0,1,58,69,15,63,49
269,10,17,A. Khatibi,19,0,1,63,78,6,64,18
270,10,99,Amirhossein Karimi,20,0,1,93,95,34,90,43
271,10,61,M. Ghobakhloo,34,0,1,62,93,19,44,17
272,10,62,A. Jahan Alian,25,0,1,92,44,19,93,45
273,10,7,Y. Seyyedi,20,0,1,47,70,6,94,37
274,10,9,M. Khalatbari,33,0,1,98,45,19,63,31
275,10,10,D. Shojaeian,24,0,1,88,82,16,81,49
276,10,18,S. Koohnavard,32,0,1,89,89,2,92,14
277,10,29,Luciano Chimba,33,0,1,61,55,35,59,7
278,10,37,N. Mokhtari,18,0,1,97,90,13,45,42
279,10,61,M. Ebrahimzadeh,27,0,1,80,86,4,68,1
280,10,70,R. Khaleghifar,33,0,1,82,73,8,50,15
281,10,80,A. Arjmandian,20,0,1,93,48,37,99,26
282,10,63,P. Babaei,22,0,1,86,90,25,45,14
283,10,64,M. Salehi,35,0,1,95,69,18,69,41
285,11,60,R. Yazdan Doust,25,0,1,43,78,17,61,40
286,11,1,H. Houri,25,0,1,41,53,16,92,41
287,11,22,A. Etemadi,29,0,1,46,78,27,78,44
288,11,33,M. Deris,25,0,1,40,91,9,63,21
289,11,61,M. Sotoudeh,25,0,1,77,82,9,92,50
290,11,2,R. Alabi,30,0,1,53,76,11,79,6
291,11,4,M. Mamshali,25,0,1,82,72,32,67,10
292,11,19,H. Saki,19,0,1,80,94,32,52,1
293,11,62,A. Abbasi,22,0,1,95,78,17,62,46
294,11,63,R. Hashemi,25,0,1,62,84,6,96,41
295,11,64,M. Lameinezhad,25,0,1,81,84,0,67,8
296,11,65,A. Mardasi,25,0,1,72,65,28,99,30
297,11,5,A. Abdollahzadeh,23,0,1,69,73,12,54,26
298,11,6,Gwi-Hyeon Kim,26,0,1,42,50,30,100,2
299,11,7,M. Pourmohammad,29,0,1,100,64,37,59,25
300,11,10,A. Zoleikani,27,0,1,40,50,0,42,15
301,11,11,M. Jahani,27,0,1,99,87,38,89,47
302,11,12,M. Darizadeh,25,0,1,91,58,18,94,17
303,11,14,Bruno,26,0,1,45,69,5,66,46
304,11,15,Hossein Baghlani,26,0,1,47,66,16,64,45
305,11,20,M. Niknafas,25,0,1,44,88,31,53,1
306,11,23,M. Mojdemi,25,0,1,71,61,25,56,9
307,11,29,R. Jabireh,19,0,1,92,95,21,51,35
308,11,30,M. Shabanloo,21,0,1,71,98,8,96,42
309,11,66,S. Barkhordari,21,0,1,61,44,7,91,11
310,11,67,M. Bohrani,25,0,1,60,87,0,56,29
311,11,68,B. Bonyadzadeh,22,0,1,82,78,3,61,38
312,11,69,M. Hojoumi,25,0,1,97,77,3,45,20
313,11,70,S. Mousavi,21,0,1,99,50,13,40,7
314,11,71,Z. Niknafs,27,0,1,68,76,14,77,50
315,11,72,H. Tahazadeh,25,0,1,41,44,22,67,6
316,11,73,H. Taherifard,25,0,1,49,92,36,71,36
317,11,3,F. Faraji,22,0,1,48,69,25,89,22
318,11,8,H. Nasari,30,0,1,51,48,35,86,32
319,11,9,R. Norouzi,34,0,1,46,85,23,91,48
320,11,13,M. Ahmadi,25,0,1,70,66,38,42,20
321,11,17,M. Shadkam,25,0,1,79,67,26,60,38
322,11,18,D. Santoya,28,0,1,97,86,39,98,38
323,11,74,P. Miri,24,0,1,50,94,37,64,42
325,12,1,M. Roshangar,35,0,1,76,92,28,89,23
326,12,35,S. Gordan,32,0,1,91,71,40,81,39
327,12,60,S. Jalali,22,0,1,88,82,3,70,13
328,12,2,V. Haroyan,24,0,1,68,52,12,78,21
329,12,4,M. Moradmand,23,0,1,81,91,10,84,23
330,12,5,A. Hosseini,25,0,1,91,70,29,72,43
331,12,7,M. Nasehi,32,0,1,61,90,29,42,40
332,12,17,H. Jafari,26,0,1,54,87,2,100,2
333,12,23,M. Abbasian,27,0,1,52,81,30,80,45
334,12,37,M. Mansouri,22,0,1,49,54,37,69,22
335,12,61,M. Faramarzi,22,0,1,48,97,11,74,29
336,12,62,F. Ghasemi,23,0,1,46,90,3,62,11
337,12,63,M. Nazarzadeh,33,0,1,92,45,26,86,33
338,12,3,F. Gerami,25,0,1,59,66,21,64,14
339,12,6,K. Ahmadi,30,0,1,46,78,36,63,21
340,12,8,M. Khorsandnia,28,0,1,88,90,21,57,25
341,12,13,M. Yousefi,33,0,1,77,95,1,76,42
342,12,21,M. Kamandani,22,0,1,99,45,12,91,5
343,12,24,M. Kafshgari,29,0,1,61,99,39,70,12
344,12,88,R. Haghighi,27,0,1,47,76,6,93,38
345,12,64,A. Hesami,25,0,1,92,59,35,43,20
346,12,65,H. Khaziravi,22,0,1,53,77,23,93,2
347,12,66,A. Nademi,23,0,1,46,76,19,90,36
348,12,67,R. Otaghi,23,0,1,48,57,12,80,49
349,12,68,S. Rouzitalab,25,0,1,95,82,14,59,9
350,12,69,H. Zarei,17,0,1,89,77,38,85,5
351,12,10,Y. Shakeri,26,0,1,51,91,18,70,10
352,12,11,M. Mardani,22,0,1,86,98,1,87,35
353,12,27,H. Zamehran,24,0,1,52,42,9,88,41
354,12,36,D. Diarrassouba,22,0,1,79,95,38,62,10
355,12,75,H. Mehraban,20,0,1,55,40,2,68,15
356,12,45,A. Eskandari,23,0,1,83,58,21,55,35
357,12,46,M. Gharibi,24,0,1,56,80,15,64,48
358,12,47,A. Ghoreishi,20,0,1,53,82,35,69,36
360,13,1,Andrey,33,0,1,79,54,18,85,30
361,13,21,M. Naseri,23,0,1,40,62,40,48,36
362,13,60,M. Ein Afshar,34,0,1,91,58,19,81,49
363,13,61,M. Ghadimipour,22,0,1,97,84,10,89,41
364,13,2,P. Malekian,20,0,1,61,84,29,62,7
365,13,4,M. Khanzadeh,25,0,1,80,59,15,77,50
366,13,5,M. Aghaei,21,0,1,55,52,32,69,30
367,13,6,Meisam Hosseini,29,0,1,89,75,26,100,1
368,13,19,A. Jafari,25,0,1,86,82,7,52,15
369,13,23,S. Moradi,27,0,1,91,82,11,87,16
370,13,24,H. Aliasgari,26,0,1,69,53,11,77,36
371,13,44,A. Kazemian,26,0,1,73,78,4,58,45
372,13,62,B. Afshar,30,0,1,40,87,22,67,2
373,13,63,M. Jafarpour,32,0,1,57,88,8,100,28
374,13,64,M. Rezaei,21,0,1,55,88,21,72,50
375,13,65,A. Sedghi,20,0,1,51,84,36,44,3
376,13,3,R. Sharbati,21,0,1,63,49,29,90,3
377,13,7,R. Darvishi,30,0,1,65,58,31,51,41
378,13,8,H. Badamaki,35,0,1,68,85,30,47,11
379,13,9,M. Ahmadi,28,0,1,41,64,31,94,18
380,13,10,A. Kalantari,26,0,1,43,87,28,57,41
381,13,28,A. Zarei,20,0,1,76,79,24,49,21
382,13,50,S. Daghighi,31,0,1,74,54,15,53,49
383,13,88,F.Hashemi,19,0,1,91,69,13,70,6
384,13,66,S. Afrasiabi,25,0,1,78,57,20,77,12
385,13,67,T. Davoudian,20,0,1,80,51,21,52,33
386,13,68,P. Esmaeilian,25,0,1,71,96,15,73,19
387,13,69,E. Karimi,30,0,1,62,98,38,50,47
388,13,70,H. Karimi,24,0,1,42,58,14,68,34
389,13,71,Milad Nouri,30,0,1,47,87,25,71,47
390,13,72,M. Safaei,22,0,1,80,85,22,82,49
391,13,73,S. Vaese'ei,22,0,1,67,93,28,49,42
392,13,11,M. Ranjbar,26,0,1,58,42,24,55,3
393,13,17,M. Traoré,26,0,1,50,79,8,98,48
394,13,27,R. Seifollahi,25,0,1,94,72,22,44,34
395,13,90,A. Asgari,26,0,1,47,72,6,81,33
396,13,74,M. Menarizadeh,26,0,1,52,58,18,53,4
397,13,75,I. Mousavi,27,0,1,56,43,24,46,29
398,13,76,V. Najafi,22,0,1,56,67,1,56,42
399,13,77,A. Shojaeian,28,0,1,49,59,12,66,47
401,14,1,H. Fallahzadeh,30,0,1,80,80,10,74,20
402,14,22,Alessandro,28,0,1,49,72,25,67,14
403,14,33,M. Akbar Monadi,20,0,1,78,43,27,45,37
404,14,3,Junior Lopes,29,0,1,84,79,6,93,20
405,14,5,S. Kouroshi,27,0,1,88,84,31,79,48
406,14,7,A. Zeynali,26,0,1,64,76,5,99,26
407,14,14,S. Lotfi,24,0,1,81,70,17,95,19
408,14,20,A. Shojaei,19,0,1,84,40,39,81,42
409,14,21,O. Khaledi,29,0,1,94,77,22,85,8
410,14,4,R. Shahalidoost,30,0,1,48,52,31,76,30
411,14,6,M. Badrlou,30,0,1,69,98,35,76,0
412,14,8,E. Sadeghi,37,0,1,89,56,36,100,21
413,14,9,M. Torabi,22,0,1,92,90,25,95,46
414,14,11,A. Gholizadeh,20,0,1,98,64,38,64,6
415,14,13,E. Shakouri,32,0,1,42,86,14,46,49
416,14,18,H. Shiri,30,0,1,43,71,18,68,12
417,14,19,S. Moshkelpoor,26,0,1,58,99,40,65,43
418,14,23,A. Moghadam,25,0,1,69,52,40,57,22
419,14,27,H. Kamyab,25,0,1,99,62,27,64,2
420,14,28,M. Soltani,17,0,1,45,48,28,82,14
421,14,60,A. Alizadeh,23,0,1,89,86,18,40,33
422,14,61,M. Esmaeili Beigi,24,0,1,58,64,39,50,43
423,14,62,M. Ramezani,27,0,1,100,95,20,71,18
424,14,10,G. Rezaei,32,0,1,77,100,36,59,2
425,14,16,Naldinho,23,0,1,54,77,13,49,0
426,14,17,M. Hasanzadeh,25,0,1,51,56,40,81,47
427,14,24,R. Jafari,19,0,1,62,54,24,90,16
428,14,77,B. Salari,23,0,1,53,95,37,85,10
429,14,63,M. Alinejad,23,0,1,42,76,23,82,19
430,14,64,A. Mazloum,20,0,1,69,51,1,75,36
431,14,65,B. Niari,18,0,1,60,65,33,61,48
433,15,1,H. Lak,26,0,1,45,78,39,95,7
434,15,22,M. Sadeghi,27,0,1,41,57,14,89,20
435,15,24,M. Ghodratipour,25,0,1,79,84,28,57,4
436,15,2,D. Bahadori,22,0,1,54,99,40,89,17
437,15,3,P. Seifpanahi,30,0,1,49,43,30,53,50
438,15,4,M. Haghjou,30,0,1,94,94,1,82,25
439,15,16,H. Beikzadeh,32,0,1,91,70,4,93,47
440,15,20,H. Hashemi,33,0,1,43,41,15,84,24
441,15,23,H. Divsalar,26,0,1,44,71,22,54,47
442,15,63,N. Daghestani,18,0,1,69,54,34,70,45
443,15,5,G. Dehnavi,35,0,1,55,98,30,45,27
444,15,6,M. Hosseini,23,0,1,63,94,26,47,11
445,15,14,O.Jahanbakhsh,22,0,1,59,72,33,58,25
446,15,17,M. Karami,21,0,1,65,59,32,54,49
447,15,18,M. Amiri,25,0,1,95,69,9,47,11
448,15,21,E.Badi,25,0,1,66,83,36,96,12
449,15,30,M. Abtahi,24,0,1,79,99,37,50,16
450,15,75,M. Baouj Rezaei,20,0,1,85,65,1,44,36
451,15,88,V. Aliabadi,26,0,1,90,98,3,47,50
452,15,61,M. Aliyari,20,0,1,43,46,3,85,14
453,15,60,M. Mohammadzadeh,25,0,1,67,91,7,82,34
454,15,7,K. Amraei,26,0,1,42,54,6,67,19
455,15,8,K. Eslami,30,0,1,67,47,32,88,39
456,15,9,M. Tanhaei,30,0,1,96,41,16,53,50
457,15,10,G. Enayati,40,0,1,56,77,17,53,41
458,15,11,M. Ousani,24,0,1,51,64,34,56,17
459,15,70,A. Hasanzadeh,31,0,1,40,98,19,71,10
460,15,77,A. Fatemi,23,0,1,48,72,31,95,37
462,16,1,M. Eslami,31,0,1,71,62,37,66,17
463,16,22,S. Gareili,25,0,1,69,84,29,50,39
464,16,30,Manu,30,0,1,56,59,10,95,6
465,16,40,M. Janfeshan,25,0,1,49,61,15,55,39
466,16,41,S. Seyyed,25,0,1,95,49,34,74,21
467,16,42,P. Shamlou,34,0,1,49,70,31,74,0
468,16,2,S. Mehdipour,29,0,1,77,47,33,55,18
469,16,3,H. Gordani,33,0,1,50,52,13,97,4
470,16,5,Edson Henrique,29,0,1,50,64,26,83,10
471,16,6,B. Kamel,30,0,1,65,100,40,85,29
472,16,8,K. Kakashvili,23,0,1,45,77,26,70,41
473,16,15,M. Mahfouzi,30,0,1,51,70,5,87,3
474,16,20,M. Nosrati,34,0,1,41,50,29,91,40
475,16,36,S. Hosseiniannezhad,25,0,1,73,98,20,99,40
476,16,55,M. Ghoreishi,26,0,1,48,92,2,75,20
477,16,43,M. Fathi,23,0,1,67,58,6,47,34
478,16,44,M. Mohammadpouri,31,0,1,66,55,8,78,17
479,16,45,A. Mortazaei,22,0,1,69,54,7,56,22
480,16,46,K. Nikkhou,25,0,1,68,92,34,52,48
481,16,47,M. Shahmohammadi,25,0,1,53,64,14,60,15
482,16,48,A. Tizro,33,0,1,55,99,11,94,3
483,16,9,A. Ghaseminejad,30,0,1,98,75,15,84,25
484,16,10,A. Amirkamdar,27,0,1,78,91,5,62,38
485,16,11,P. Sadeghian,24,0,1,64,91,25,72,23
486,16,14,A. Teymourian,33,0,1,55,85,18,71,28
487,16,16,S. Rahbar Baghaei,22,0,1,70,100,31,74,43
488,16,18,A. Zarei,25,0,1,66,53,11,48,35
489,16,23,B. Ahmadi,23,0,1,40,64,11,50,45
490,16,27,A. Dindar,20,0,1,94,84,13,91,12
491,16,49,J. Barzegar,25,0,1,42,45,29,43,23
492,16,60,M. Bijani ,34,0,1,77,63,11,71,33
493,16,61,S. Eghbali,25,0,1,92,95,6,88,13
494,16,62,M. Khanzad,25,0,1,54,43,14,75,50
495,16,63,Thaer Krouma,26,0,1,85,73,12,85,50
496,16,64,R. Pirzadeh,34,0,1,42,71,5,84,10
497,16,65,F. Pourkhanmohammad,23,0,1,95,100,25,81,44
498,16,66,A. Pourmohammad,25,0,1,100,49,31,72,35
499,16,67,I. Raeisinasab,25,0,1,100,66,37,67,15
500,16,68,F. Taheri,25,0,1,85,96,37,96,46
501,16,69,S. Tavakoli,25,0,1,65,85,36,87,28
502,16,7,S. Nariman Jahan,25,0,1,100,53,34,46,23
503,16,17,H. Pakdel,25,0,1,53,65,18,96,31
504,16,19,J. Rafkhaei,32,0,1,60,93,32,100,43
505,16,37,M. Bayrami,26,0,1,73,67,4,40,12
506,16,51,A. Afaghi,25,0,1,70,85,19,73,42
507,16,52,A. Daneshian,25,0,1,83,80,2,75,47
508,16,53,H. Gharedaghi,25,0,1,72,42,15,56,45
509,16,54,F. Mohammadi,29,0,1,86,80,33,68,46
